tweet_id,favorites,retweets,followers_count
892420643555336193,38283,8395,7413792
892177421306343426,32815,6195,7413792
891815181378084864,24707,4100,7413792
891689557279858688,41606,8528,7413792
891327558926688256,39790,9242,7413792
891087950875897856,19972,3074,7413792
890971913173991426,11691,2040,7413792
890729181411237888,64625,18632,7413792
890609185150312448,27456,4214,7413792
890240255349198849,31507,7288,7413792
890006608113172480,30268,7236,7413792
889880896479866881,27429,4914,7413792
889665388333682689,47516,9927,7413792
889638837579907072,26822,4486,7413792
889531135344209921,14909,2212,7413792
889278841981685760,24930,5314,7413792
888917238123831296,28714,4441,7413792
888804989199671297,25240,4242,7413792
888554962724278272,19591,3507,7413792
888078434458587136,21478,3450,7413792
887705289381826560,29783,5320,7413792
887517139158093824,45681,11514,7413792
887473957103951883,68217,17946,7413792
887343217045368832,33254,10272,7413792
887101392804085760,30172,5887,7413792
886983233522544640,34706,7678,7413792
886736880519319552,11895,3244,7413792
886680336477933568,22151,4405,7413792
886366144734445568,20916,3161,7413792
886267009285017600,116,4,7413792
886258384151887873,27639,6204,7413792
886054160059072513,0,105,7413792
885984800019947520,32274,6718,7413792
885528943205470208,35541,6347,7413792
885518971528720385,20175,3709,7413792
885311592912609280,0,18360,7413792
885167619883638784,21658,4328,7413792
884925521741709313,76529,18092,7413792
884876753390489601,27576,5595,7413792
884562892145688576,24013,4696,7413792
884441805382717440,26660,5585,7413792
884247878851493888,72135,20210,7413792
884162670584377345,20113,2950,7413792
883838122936631299,21638,3408,7413792
883482846933004288,45359,9828,7413792
883360690899218434,22292,3634,7413792
883117836046086144,36741,6597,7413792
882992080364220416,23677,3870,7413792
882762694511734784,27965,4862,7413792
882627270321602560,27575,6019,7413792
882268110199369728,44407,11462,7413792
882045870035918850,28999,4914,7413792
881906580714921986,24022,3356,7413792
881666595344535552,49958,10544,7413792
881633300179243008,125,7,7413792
881536004380872706,48842,15777,7413792
881268444196462592,22813,5111,7413792
880935762899988482,16810,2754,7413792
880872448815771648,21024,3777,7413792
880465832366813184,28195,6209,7413792
880221127280381952,26738,4171,7413792
880095782870896641,27318,4311,7413792
879862464715927552,22064,3462,7413792
879674319642796034,310,10,7413792
879492040517615616,23140,3153,7413792
879415818425184262,104656,43749,7413792
879376492567855104,16586,3092,7413792
879130579576475649,0,6762,7413792
879050749262655488,22313,4675,7413792
879008229531029506,18767,2669,7413792
878776093423087618,19190,4088,7413792
878604707211726852,29929,7129,7413792
878404777348136964,0,1280,7413792
878316110768087041,0,6593,7413792
878281511006478336,7657,1280,7414391
878057613040115712,41564,6762,7413792
877736472329191424,78916,18910,7413792
877611172832227328,0,80,7413792
877556246731214848,22463,3775,7413792
877316821321428993,27060,5130,7413792
877201837425926144,26809,5536,7413792
876838120628539392,20440,3315,7413792
876537666061221889,23230,4586,7413792
876484053909872640,18548,2378,7413792
876120275196170240,27610,4657,7413793
875747767867523072,24921,4263,7413793
875144289856114688,21693,4894,7413793
875097192612077568,27121,6005,7413793
875021211251597312,25204,4685,7413793
874680097055178752,27548,4613,7413793
874434818259525634,0,14656,7413794
874296783580663808,25800,4087,7413794
874057562936811520,22430,3936,7413794
874012996292530176,34276,10376,7413794
873580283840344065,23997,3931,7413794
873337748698140672,0,1582,7413794
873213775632977920,7168,1582,7413794
872967104147763200,27135,5387,7413794
872820683541237760,14586,3685,7413794
872620804844003328,20613,3690,7413794
872486979161796608,40357,8992,7413794
872261713294495745,33944,6307,7413794
872122724285648897,34201,8112,7413794
871879754684805121,37760,11177,7413794
871762521631449091,20143,3475,7413794
871515927908634625,20087,3453,7413794
871166179821445120,0,5706,7413794
871102520638267392,20806,5508,7413794
871032628920680449,22532,3821,7413794
870804317367881728,33453,6222,7413794
870726314365509632,119,3,7413794
870656317836468226,12355,2656,7413794
870374049280663552,82370,26304,7413794
870308999962521604,21734,4168,7413794
870063196459192321,36556,8389,7413794
869772420881756160,42294,10081,7413794
869702957897576449,28172,6375,7413794
869596645499047938,15940,3146,7413794
869227993411051520,20396,3808,7413794
868880397819494401,65600,14603,7413794
868639477480148993,0,2113,7413794
868622495443632128,26867,5481,7413794
868552278524837888,10137,2113,7413794
867900495410671616,24190,4214,7413794
867774946302451713,34025,7409,7413794
867421006826221569,16135,2536,7413794
867072653475098625,0,123,7413794
867051520902168576,32309,7952,7413794
866720684873056260,20147,4867,7413794
866686824827068416,19390,3529,7413794
866450705531457537,122686,35723,7413794
866334964761202691,52787,14656,7413794
866094527597207552,0,8493,7413794
865718153858494464,25743,5694,7413794
865359393868664832,26611,5073,7413794
865006731092295680,28161,7804,7413794
864873206498414592,32476,8860,7413794
864279568663928832,14717,3090,7413794
864197398364647424,30371,9100,7413794
863907417377173506,20780,4216,7413794
863553081350529029,15416,4248,7413794
863471782782697472,0,2506,7413794
863432100342583297,24004,5364,7413794
863427515083354112,2282,99,7413794
863079547188785154,8836,1119,7414393
863062471531167744,8606,2506,7413794
862831371563274240,19346,5185,7413794
862722525377298433,17221,3597,7413794
862457590147678208,20751,5056,7413794
862096992088072192,75331,23804,7413794
861383897657036800,36450,10930,7413794
861288531465048066,17374,4249,7413794
861005113778896900,16903,3891,7413794
860981674716409858,0,2213,7413794
860924035999428608,0,843,7413794
860563773140209665,7594,2213,7413794
860524505164394496,23915,5400,7413794
860276583193509888,18523,3562,7413794
860184849394610176,16898,5978,7413794
860177593139703809,0,31655,7413794
859924526012018688,19803,4202,7413794
859851578198683649,15595,3602,7413794
859607811541651456,18836,1614,7413794
859196978902773760,91264,31063,7413794
859074603037188101,34383,13983,7413794
858860390427611136,0,8379,7413794
858843525470990336,15757,3576,7413794
858471635011153920,21829,4994,7413794
858107933456039936,15971,3005,7413794
857989990357356544,16377,2663,7413794
857746408056729600,34853,10978,7413794
857393404942143489,6014,1694,7413794
857263160327368704,20365,4669,7413794
857214891891077121,233,18,7413794
857062103051644929,0,177,7413794
857029823797047296,19287,4142,7413794
856602993587888130,0,11070,7413794
856543823941562368,16577,2983,7413794
856526610513747968,12065,1943,7413794
856330835276025856,0,702,7413794
856288084350160898,526,17,7413794
856282028240666624,28290,6552,7413794
855862651834028034,353,28,7413794
855860136149123072,5151,1069,7413794
855857698524602368,12096,2194,7413794
855851453814013952,46373,18384,7413794
855818117272018944,27171,5641,7413794
855459453768019968,30609,8549,7413794
855245323840757760,0,6227,7413794
855138241867124737,0,48,7413794
854732716440526848,23411,6371,7413794
854482394044301312,30075,7177,7413794
854365224396361728,19378,4894,7413794
854120357044912130,32817,7823,7413794
854010172552949760,16629,3303,7413794
853760880890318849,29393,6075,7413793
853639147608842240,35869,10624,7413793
853299958564483072,15972,3744,7413793
852936405516943360,0,2113,7413793
852912242202992640,9329,1933,7413793
852672615818899456,15374,2266,7413793
852553447878664193,16889,3699,7413793
852311364735569921,34181,10409,7413794
852226086759018497,20651,7160,7413794
852189679701164033,11832,1668,7413794
851953902622658560,0,10163,7413794
851861385021730816,0,23,7413794
851591660324737024,16737,3659,7413794
851464819735769094,25110,7466,7413794
851224888060895234,21399,6041,7413794
850753642995093505,32134,9813,7413794
850380195714523136,13526,2769,7413793
850333567704068097,3554,354,7413793
850145622816686080,16928,4051,7413793
850019790995546112,21214,5187,7413793
849776966551130114,31620,8047,7414392
849668094696017920,0,5254,7413793
849412302885593088,16479,3332,7413793
849336543269576704,11861,1999,7413793
849051919805034497,44145,9048,7413793
848690551926992896,26200,4582,7413793
848324959059550208,25742,4888,7413793
848213670039564288,8495,793,7413793
848212111729840128,16980,3269,7414392
847978865427394560,0,3461,7413793
847971574464610304,0,458,7413793
847962785489326080,24466,5426,7413793
847842811428974592,5706,1429,7413793
847617282490613760,7296,451,7413793
847606175596138505,19557,3613,7413793
847251039262605312,21306,4570,7413793
847157206088847362,20823,6235,7413793
847116187444137987,22331,3399,7413793
846874817362120707,20960,4183,7413793
846514051647705089,46614,12386,7413793
846505985330044928,14748,3297,7413793
846153765933735936,33120,9675,7413793
846139713627017216,32235,10527,7413793
846042936437604353,16698,3089,7413793
845812042753855489,30639,9338,7413793
845677943972139009,26243,5107,7413793
845397057150107648,7980,1937,7413793
845306882940190720,24390,5765,7413793
845098359547420673,0,8196,7413793
844979544864018432,14258,2763,7413793
844973813909606400,15818,3440,7413793
844704788403113984,40536,11070,7413793
844580511645339650,17244,3368,7413793
844223788422217728,14274,2350,7413793
843981021012017153,15832,3130,7413793
843856843873095681,22424,4957,7413793
843604394117681152,17693,2949,7413793
843235543001513987,22512,6490,7413793
842846295480000512,15942,3854,7414392
842765311967449089,7074,1365,7413792
842535590457499648,18975,3758,7413792
842163532590374912,25687,6227,7413792
842115215311396866,14697,3252,7413792
841833993020538882,0,16485,7413792
841680585030541313,26903,8319,7413792
841439858740625411,13261,3938,7413792
841320156043304961,20738,5831,7413792
841314665196081154,16630,5040,7413792
841077006473256960,24047,5706,7413792
840761248237133825,0,1889,7413792
840728873075638272,0,17431,7413792
840698636975636481,190,2,7414391
840696689258311684,12921,1056,7413792
840632337062862849,9426,1889,7413792
840370681858686976,17303,4897,7413792
840268004936019968,20276,6172,7413792
839990271299457024,14130,2472,7413792
839549326359670784,28967,8379,7413792
839290600511926273,0,154,7413792
839239871831150596,28631,7048,7413792
838952994649550848,20660,4282,7413792
838921590096166913,11762,2236,7413792
838916489579200512,0,36,7413792
838831947270979586,0,11938,7413792
838561493054533637,11494,1430,7413792
838476387338051585,23821,5199,7413792
838201503651401729,0,10905,7413792
838150277551247360,1768,354,7413792
838085839343206401,149,0,7413792
838083903487373313,18577,3403,7413792
837820167694528512,36045,8493,7413792
837482249356513284,4042,479,7413792
837471256429613056,13493,2479,7413792
837366284874571778,22294,5725,7413792
837110210464448512,16905,2594,7413792
836989968035819520,13429,2480,7413794
836753516572119041,20288,4993,7413794
836677758902222849,13298,2401,7413794
836648853927522308,0,593,7413794
836397794269200385,0,29879,7413794
836380477523124226,15538,3198,7413794
836260088725786625,22438,4639,7413794
836001077879255040,20175,4644,7413794
835685285446955009,0,8842,7413794
835574547218894849,18794,3922,7413794
835536468978302976,0,1844,7413794
835309094223372289,0,22763,7413794
835297930240217089,17341,3236,7413794
835264098648616962,8192,1844,7413794
835246439529840640,2204,78,7413794
835172783151792128,27620,6224,7413794
835152434251116546,23730,3270,7413794
834931633769889797,11452,1790,7413794
834786237630337024,22346,5928,7413794
834574053763584002,14481,2747,7413794
834477809192075265,0,11574,7413794
834458053273591808,10159,1817,7413794
834209720923721728,21791,5193,7413794
834167344700198914,16661,3940,7413794
834089966724603904,10619,2303,7413794
834086379323871233,13821,2407,7413794
833863086058651648,14188,2608,7413794
833826103416520705,16228,3733,7413794
833732339549220864,0,235,7413794
833722901757046785,21880,3485,7413794
833479644947025920,15715,2244,7413794
833124694597443584,21371,5254,7413794
832998151111966721,14077,2408,7413794
832769181346996225,0,40,7413794
832757312314028032,17803,3941,7413794
832682457690300417,12574,3187,7413793
832645525019123713,3087,564,7413793
832636094638288896,16785,3038,7413793
832397543355072512,12656,2417,7413793
832369877331693569,18157,3461,7413793
832273440279240704,11976,2533,7413793
832215909146226688,0,6728,7413793
832215726631055365,0,10196,7413793
832088576586297345,70,2,7413793
832040443403784192,0,10575,7413793
832032802820481025,18889,5060,7413793
831939777352105988,25430,6672,7413793
831926988323639298,362,35,7413793
831911600680497154,29331,7097,7413793
831670449226514432,11065,1974,7413793
831650051525054464,7605,2113,7413792
831552930092285952,9543,2497,7413792
831322785565769729,9733,1663,7413792
831315979191906304,6909,1214,7413792
831309418084069378,12425,2658,7413792
831262627380748289,12620,2233,7413792
830956169170665475,8455,1629,7413792
830583320585068544,70999,18360,7413792
830173239259324417,0,6220,7413792
830097400375152640,10428,3280,7413792
829878982036299777,0,5471,7413792
829861396166877184,12978,2135,7413792
829501995190984704,33701,11574,7413792
829449946868879360,11104,2208,7413792
829374341691346946,36753,10163,7413792
829141528400556032,26026,8086,7413792
829011960981237760,56304,17675,7413792
828801551087042563,0,3712,7413792
828770345708580865,27153,6420,7413792
828708714936930305,38906,12259,7413792
828650029636317184,10094,1471,7413792
828409743546925057,6682,1254,7413792
828408677031882754,8121,1403,7413792
828381636999917570,13418,2424,7413792
828376505180889089,7849,1161,7413792
828372645993398273,13316,3205,7413792
828361771580813312,2332,184,7413792
828046555563323392,12512,3126,7413792
828011680017821696,11019,2343,7413792
827933404142436356,21424,5704,7413792
827653905312006145,16414,3285,7413792
827600520311402496,7874,1035,7413792
827324948884643840,16893,3346,7413792
827199976799354881,11251,2452,7414391
826958653328592898,22955,5471,7413792
826848821049180160,38820,11179,7413792
826615380357632002,0,4315,7413792
826598799820865537,5445,279,7413792
826598365270007810,10722,2565,7413792
826476773533745153,19610,4581,7414391
826240494070030336,14124,2826,7413792
826204788643753985,5195,1018,7413792
826115272272650244,16699,3428,7413792
825876512159186944,11144,2043,7413792
825829644528148480,13572,2723,7413792
825535076884762624,55455,18821,7413792
825147591692263424,19502,5006,7413792
825120256414846976,0,1408,7413792
825026590719483904,6763,1408,7413792
824796380199809024,0,6013,7413792
824775126675836928,15941,3859,7413792
824663926340194305,10734,1900,7413792
824325613288833024,12554,11368,7413792
824297048279236611,16046,4232,7413792
824025158776213504,5089,645,7413792
823939628516474880,11362,2971,7413792
823719002937630720,0,12306,7413792
823699002998870016,13421,2653,7413792
823581115634085888,13902,2896,7413792
823333489516937216,746,29,7413792
823322678127919110,16794,4402,7413792
823269594223824897,0,10811,7413792
822975315408461824,18456,3769,7413792
822872901745569793,141329,48119,7413792
822859134160621569,14104,2499,7413792
822647212903690241,0,7048,7413792
822610361945911296,15766,3248,7413792
822489057087389700,19375,7048,7413792
822462944365645825,30440,16101,7413792
822244816520155136,37425,10811,7413792
822163064745328640,0,5275,7413792
821886076407029760,12140,2570,7413792
821813639212650496,0,3664,7413792
821765923262631936,9007,1826,7413792
821522889702862852,8576,1940,7413792
821421320206483457,0,6150,7413792
821407182352777218,12590,4783,7413792
821153421864615936,273,10,7413792
821149554670182400,9330,2210,7413792
821107785811234820,10253,2338,7413792
821044531881721856,13541,2514,7413792
820837357901512704,0,7352,7413792
820749716845686786,33736,10905,7413792
820690176645140481,13048,3545,7413792
820494788566847489,0,624,7413792
820446719150292993,0,2840,7413792
820314633777061888,3568,624,7413792
820078625395449857,21194,6903,7413792
820013781606658049,0,1303,7413792
819952236453363712,5694,1303,7413792
819924195358416896,13763,5323,7413792
819711362133872643,14417,3451,7413792
819588359383371776,10228,2162,7413792
819347104292290561,7731,1327,7413792
819238181065359361,2442,446,7413793
819227688460238848,24724,7352,7413793
819015337530290176,0,40315,7413793
819015331746349057,0,20782,7413793
819006400881917954,48321,20782,7413793
819004803107983360,92472,40315,7413793
818646164899774465,0,22965,7413793
818627210458333184,23769,8194,7413793
818614493328580609,10563,2840,7413793
818588835076603904,0,6759,7413793
818536468981415936,11688,2729,7413793
818307523543449600,0,8952,7413793
818259473185828864,11817,2520,7413793
818145370475810820,13163,2864,7413793
817908911860748288,5187,866,7413793
817827839487737858,55583,29879,7413793
817777686764523521,11462,2942,7413793
817536400337801217,12646,3343,7413793
817502432452313088,0,3732,7413793
817423860136083457,36694,16485,7413793
817415592588222464,6020,1061,7413793
817181837579653120,0,9373,7413793
817171292965273600,9354,2213,7413793
817120970343411712,13049,2887,7413793
817056546584727552,9195,1820,7413793
816829038950027264,0,5198,7413793
816816676327063552,10718,2241,7413793
816697700272001025,10515,2434,7413793
816450570814898180,32804,8952,7413793
816336735214911488,9224,2154,7413793
816091915477250048,9577,2374,7413793
816062466425819140,0,1148,7413793
816014286006976512,0,5861,7413793
815990720817401858,5361,1148,7413793
815966073409433600,24079,9373,7413793
815745968457060357,0,4558,7413793
815736392542261248,10559,2504,7413793
815639385530101762,8818,1814,7413793
815390420867969024,11102,4198,7413793
814986499976527872,8199,1426,7413793
814638523311648768,12107,2989,7413793
814578408554463233,0,6405,7413793
814530161257443328,9304,2046,7413793
814153002265309185,30890,9588,7413793
813944609378369540,0,3533,7413793
813910438903693312,9976,2078,7413793
813812741911748608,39025,15453,7413793
813800681631023104,8969,1944,7413793
813217897535406080,20070,8049,7413793
813202720496779264,9855,1981,7413793
813187593374461952,21304,4816,7413793
813172488309972993,10028,2112,7413793
813157409116065792,8328,2451,7413793
813142292504645637,9043,2604,7413793
813130366689148928,4797,488,7413793
813127251579564032,12746,3452,7413793
813112105746448384,11113,3043,7413793
813096984823349248,11299,3982,7413793
813081950185472002,10610,3055,7413793
813066809284972545,8550,2147,7413793
813051746834595840,22517,8096,7413793
812781120811126785,8150,2109,7413793
812747805718642688,0,7662,7413793
812709060537683968,7122,1576,7413793
812503143955202048,6533,1352,7413793
812466873996607488,8592,2121,7413793
812372279581671427,14733,4043,7413793
811985624773361665,7805,1548,7413793
811744202451197953,8121,1781,7413793
811647686436880384,6007,822,7413793
811627233043480576,13772,3464,7413793
811386762094317568,22479,7065,7413793
810984652412424192,5734,1583,7413793
810896069567610880,9733,1978,7413793
810657578271330305,11786,2920,7413793
810284430598270976,38162,12616,7413793
810254108431155201,15800,3712,7413793
809920764300447744,16656,4315,7413793
809808892968534016,0,5419,7413793
809448704142938112,7451,1622,7413793
809220051211603969,21456,6220,7413793
809084759137812480,14222,3874,7413793
808838249661788160,10866,3362,7413793
808733504066486276,8512,2398,7413793
808501579447930884,12144,2879,7413793
808344865868283904,45753,22965,7413793
808134635716833280,0,6582,7413793
808106460588765185,9378,2427,7413793
808001312164028416,13532,3908,7413793
807621403335917568,15684,4073,7413793
807106840509214720,121275,59957,7413793
807059379405148160,0,8117,7413793
807010152071229440,14024,4228,7413793
806629075125202948,80915,38580,7413793
806620845233815552,0,6108,7413793
806576416489959424,5213,2124,7413793
806542213899489280,11003,2619,7413793
806242860592926720,0,12950,7413793
806219024703037440,6912,1323,7413793
805958939288408065,0,5957,7413793
805932879469572096,8900,2113,7413793
805826884734976000,7099,2025,7413793
805823200554876929,0,8909,7413793
805520635690676224,6178,1823,7413793
805487436403003392,9446,2803,7413793
805207613751304193,8405,1889,7413793
804738756058218496,14803,4268,7413793
804475857670639616,6628,2220,7413793
804413760345620481,0,3562,7414392
804026241225523202,48083,17957,7413793
803773340896923648,10824,3066,7413793
803692223237865472,0,8220,7413793
803638050916102144,11849,4582,7413793
803380650405482500,8346,2057,7413793
803321560782307329,0,5886,7413793
803276597545603072,10797,2738,7413793
802952499103731712,9731,2225,7413793
802624713319034886,0,3246,7413793
802600418706604034,7671,1627,7413793
802572683846291456,9627,2773,7413793
802323869084381190,17517,6472,7413793
802265048156610565,7115,1511,7413793
802239329049477120,9789,2882,7413793
802185808107208704,0,295,7413793
801958328846974976,8322,1889,7414392
801854953262350336,1893,260,7413793
801538201127157760,8834,2279,7413793
801285448605831168,6536,921,7413793
801167903437357056,26420,6582,7413793
801127390143516673,0,4403,7413793
801115127852503040,8719,2316,7413793
800859414831898624,743,107,7413794
800855607700029440,0,1807,7413794
800751577355128832,11316,3076,7413794
800513324630806528,14165,3333,7413794
800459316964663297,10195,2395,7413794
800443802682937345,0,4779,7413794
800388270626521089,12025,3105,7413794
800188575492947969,0,4367,7413794
800141422401830912,16506,2840,7413794
800018252395122689,30614,14602,7413794
799774291445383169,0,5193,7413794
799757965289017345,9065,2399,7413794
799422933579902976,8676,2119,7413794
799308762079035393,0,6137,7413794
799297110730567681,10696,3073,7413794
799063482566066176,8736,2728,7413794
798933969379225600,14206,4965,7413794
798925684722855936,8021,1593,7413794
798705661114773508,0,7324,7413794
798701998996647937,0,8652,7413794
798697898615730177,0,7210,7413794
798694562394996736,0,5496,7413794
798686750113755136,0,2576,7413794
798682547630837760,0,5235,7413794
798673117451325440,0,6147,7413794
798665375516884993,0,4310,7413794
798644042770751489,0,2051,7413794
798628517273620480,0,2175,7413794
798585098161549313,0,6327,7413794
798576900688019456,0,6505,7413795
798340744599797760,0,3729,7413795
798209839306514432,11204,2835,7413795
797971864723324932,12576,3478,7413795
797545162159308800,15644,5381,7413795
797236660651966464,21591,7353,7413795
797165961484890113,248,29,7413795
796904159865868288,0,9861,7413795
796865951799083009,8286,2109,7413795
796759840936919040,12809,3389,7413795
796563435802726400,0,8096,7413795
796484825502875648,8178,1950,7413795
796387464403357696,11885,4613,7413795
796177847564038144,0,15864,7413795
796149749086875649,34925,15864,7413795
796125600683540480,5327,1977,7413795
796116448414461957,9797,2684,7413795
796080075804475393,9121,2571,7413795
796031486298386433,11657,4086,7413795
795464331001561088,53779,26406,7413795
795400264262053889,10901,3174,7413795
795076730285391872,17517,6013,7413795
794983741416415232,0,3736,7413795
794926597468000259,11102,2560,7413795
794355576146903043,0,11403,7413795
794332329137291264,10323,2929,7413795
794205286408003585,9917,3666,7413795
793962221541933056,18156,5419,7413795
793845145112371200,9927,2083,7413795
793614319594401792,0,3455,7413795
793601777308463104,8600,1815,7413795
793500921481273345,11540,2642,7413795
793286476301799424,26562,10196,7413795
793271401113350145,9325,2623,7413795
793256262322548741,21562,9240,7413795
793241302385262592,11355,3633,7413795
793226087023144960,10625,3174,7413795
793210959003287553,9640,3119,7413795
793195938047070209,16475,6230,7413795
793180763617361921,7466,2204,7413795
793165685325201412,10144,3084,7413795
793150605191548928,6653,1890,7413795
793135492858580992,6979,2768,7413795
793120401413079041,13698,4333,7413795
792913359805018113,15479,4454,7413795
792883833364439040,12211,4732,7413795
792773781206999040,7928,1863,7413795
792394556390137856,14529,4750,7413795
792050063153438720,7752,1989,7413795
791821351946420224,0,23281,7413795
791784077045166082,0,10678,7413795
791780927877898241,0,4207,7413795
791774931465953280,48712,24589,7413795
791672322847637504,12691,3455,7413795
791406955684368384,14164,4558,7413795
791312159183634433,9482,2818,7413795
791026214425268224,0,4560,7413795
790987426131050500,10678,2368,7413795
790946055508652032,17918,5198,7413795
790723298204217344,0,2571,7413795
790698755171364864,8839,2111,7413795
790581949425475584,22305,7952,7413795
790337589677002753,8442,2065,7413795
790277117346975746,13517,3533,7413795
790227638568808452,0,3954,7413795
789986466051088384,9976,2571,7413795
789960241177853952,0,4596,7413795
789903600034189313,11213,4574,7413795
789628658055020548,8109,1970,7413795
789599242079838210,7301,2146,7413795
789530877013393408,12693,3736,7413795
789314372632018944,9275,2550,7413795
789280767834746880,0,5477,7413795
789268448748703744,9828,2855,7413795
789137962068021249,10461,3093,7413795
788908386943430656,29539,13714,7413795
788765914992902144,29574,11403,7413795
788552643979468800,0,7969,7413795
788412144018661376,16813,5862,7413795
788178268662984705,7806,2343,7414394
788150585577050112,6639,1440,7413795
788070120937619456,0,3781,7413795
788039637453406209,6629,1467,7413795
787810552592695296,9358,3372,7413795
787717603741622272,11009,3078,7413795
787397959788929025,11689,3136,7413795
787322443945877504,8398,1926,7413795
787111942498508800,0,7413,7413795
786963064373534720,28632,8842,7413795
786729988674449408,0,2674,7413795
786709082849828864,19575,6728,7413795
786664955043049472,11497,2838,7413795
786595970293370880,10130,3423,7414394
786363235746385920,11744,3876,7413795
786286427768250368,8595,3163,7413795
786233965241827333,16493,5275,7413795
786051337297522688,1550,169,7413795
786036967502913536,0,7807,7413795
785927819176054784,12234,3495,7413795
785872687017132033,7201,2020,7413795
785639753186217984,8413,2456,7413795
785533386513321988,9812,2218,7413795
785515384317313025,6558,1389,7413795
785264754247995392,7814,1811,7413795
785170936622350336,13024,5369,7413795
784826020293709826,10910,3562,7413795
784517518371221505,9662,2799,7413795
784431430411685888,6131,1414,7414394
784183165795655680,21646,8909,7413795
784057939640352768,32176,12306,7413795
783839966405230592,32337,11938,7413795
783821107061198850,7929,2169,7413795
783695101801398276,11241,3559,7413795
783466772167098368,9089,2487,7413795
783391753726550016,18152,6084,7413795
783347506784731136,0,6180,7413795
783334639985389568,31452,12950,7413795
783085703974514689,8753,2453,7413795
782969140009107456,25930,8117,7413795
782747134529531904,8034,1540,7413795
782722598790725632,18566,5957,7413795
782598640137187329,8364,2066,7413795
782305867769217024,17929,6150,7413795
782021823840026624,0,6878,7413795
781955203444699136,11941,3707,7413795
781661882474196992,11238,2985,7413795
781655249211752448,4303,1237,7413795
781524693396357120,22299,6108,7413795
781308096455073793,7660,2804,7413795
781251288990355457,9066,2315,7413795
781163403222056960,10497,3006,7413795
780931614150983680,23253,8096,7413795
780858289093574656,7729,2197,7413795
780800785462489090,5930,1430,7413795
780601303617732608,12986,3664,7413795
780543529827336192,6771,1909,7413795
780496263422808064,0,4091,7413795
780476555013349377,0,128,7413795
780459368902959104,5676,1175,7413795
780192070812196864,9356,2462,7413795
780092040432480260,0,2532,7413795
780074436359819264,13151,5504,7413795
779834332596887552,20399,7807,7413794
779377524342161408,9471,3425,7413794
779124354206535695,0,20273,7413794
779123168116150273,12679,4008,7413794
779056095788752897,15888,4976,7413795
778990705243029504,21531,8013,7413795
778774459159379968,0,10968,7413795
778764940568104960,920,403,7413795
778748913645780993,7405,1468,7413795
778650543019483137,6198,1643,7413795
778624900596654080,5001,1117,7413795
778408200802557953,14646,4788,7413795
778396591732486144,0,13473,7413795
778383385161035776,6260,1212,7413795
778286810187399168,11164,3641,7413795
778039087836069888,9099,2892,7413795
778027034220126208,7037,1784,7413795
777953400541634568,0,3873,7413795
777885040357281792,6825,1810,7413795
777684233540206592,12045,3246,7413795
777641927919427584,0,4671,7413795
777621514455814149,9412,2741,7413795
777189768882946048,15360,4764,7413795
776819012571455488,0,15115,7413795
776813020089548800,5233,1328,7413795
776477788987613185,9492,3085,7414394
776249906839351296,0,10067,7413795
776218204058357768,32186,17556,7413795
776201521193218049,10283,2775,7413795
776113305656188928,12593,4779,7413795
776088319444877312,1968,167,7413795
775898661951791106,0,18032,7413795
775842724423557120,12558,2946,7413795
775733305207554048,14835,4403,7413795
775729183532220416,13842,5020,7413795
775364825476165632,7957,3269,7413795
775350846108426240,10870,4297,7413795
775085132600442880,16655,5193,7413795
774757898236878852,9141,1944,7413795
774639387460112384,7193,1911,7413795
774314403806253056,23323,6137,7413795
773985732834758656,11506,4261,7413795
773922284943896577,6848,1902,7413795
773704687002451968,7068,1801,7413795
773670353721753600,5694,1422,7413795
773547596996571136,23639,6759,7413795
773336787167145985,0,5587,7413795
773308824254029826,24874,8196,7413795
773247561583001600,10079,3524,7413795
773191612633579521,10696,4507,7413795
772877495989305348,9183,4249,7413795
772826264096874500,8537,2550,7413795
772615324260794368,0,3694,7413795
772581559778025472,6930,1848,7413795
772193107915964416,6418,1515,7413795
772152991789019136,4046,1228,7413795
772117678702071809,4009,803,7413795
772114945936949249,2901,517,7413795
772102971039580160,4292,1014,7413795
771908950375665664,7039,2084,7413795
771770456517009408,12847,3729,7413795
771500966810099713,8852,2875,7413795
771380798096281600,11263,5587,7413795
771171053431250945,0,8289,7413795
771136648247640064,9836,3209,7413795
771102124360998913,6669,1571,7413795
771014301343748096,7351,1812,7413795
771004394259247104,0,240,7413795
770787852854652928,5309,1339,7413795
770772759874076672,5559,1551,7413795
770655142660169732,7827,1905,7413795
770414278348247044,6729,2258,7413795
770293558247038976,6673,1630,7413795
770093767776997377,0,3323,7413795
770069151037685760,8108,2524,7413795
769940425801170949,33651,10575,7413795
769695466921623552,6834,1821,7413795
769335591808995329,0,8411,7413795
769212283578875904,5769,1873,7413795
768970937022709760,15403,7156,7413795
768909767477751808,0,2955,7413795
768855141948723200,4482,971,7413795
768609597686943744,4401,1327,7413795
768596291618299904,5368,1398,7413795
768554158521745409,0,6367,7413795
768473857036525572,14563,3744,7413795
768193404517830656,11653,3873,7413795
767884188863397888,5075,1534,7413795
767754930266464257,17142,5886,7413795
767500508068192258,8005,2547,7413795
767191397493538821,13120,4166,7413795
767122157629476866,10820,3123,7413795
766864461642756096,0,6192,7413795
766793450729734144,5431,1486,7413795
766714921925144576,2783,423,7413795
766693177336135680,4313,863,7413795
766423258543644672,6433,1744,7413795
766313316352462849,7249,2060,7413795
766078092750233600,0,2838,7413795
766069199026450432,4577,947,7413795
766008592277377025,3993,538,7413795
765719909049503744,7736,2353,7413795
765669560888528897,5550,1329,7413795
765395769549590528,28177,3706,7413795
765371061932261376,7579,2355,7413795
765222098633691136,12405,3694,7413795
764857477905154048,6858,1934,7413795
764259802650378240,6460,1659,7413795
763956972077010945,790,59,7413795
763837565564780549,13485,4560,7413795
763183847194451968,5769,1611,7413795
763167063695355904,0,3293,7413795
763103485927849985,7857,2489,7413795
762699858130116608,12998,3954,7413795
762471784394268675,12051,7082,7413795
762464539388485633,11034,4596,7413795
762316489655476224,5143,1232,7413795
762035686371364864,34166,17016,7413795
761976711479193600,5762,2208,7413795
761750502866649088,0,4306,7413795
761745352076779520,4535,938,7413795
761672994376806400,52859,31655,7413795
761599872357261312,4405,1282,7413795
761371037149827077,0,19571,7413795
761334018830917632,5555,1586,7413795
761292947749015552,4762,1201,7413795
761227390836215808,5674,1697,7413795
761004547850530816,12056,3781,7413795
760893934457552897,4077,1059,7413795
760656994973933572,7049,2100,7413795
760641137271070720,5277,1409,7413795
760539183865880579,8076,3951,7413795
760521673607086080,4509,1521,7413795
760290219849637889,28576,12520,7413795
760252756032651264,4194,942,7413795
760190180481531904,6083,1973,7413795
760153949710192640,0,34,7413795
759943073749200896,6328,2281,7413795
759923798737051648,15653,6192,7413795
759846353224826880,7165,2164,7413795
759793422261743616,6352,2074,7413795
759566828574212096,0,23036,7413795
759557299618865152,5015,1281,7413795
759447681597108224,9045,2674,7413795
759446261539934208,1780,530,7413795
759197388317847553,6461,2116,7413795
759159934323924993,0,1275,7413795
759099523532779520,15494,4553,7413795
759047813560868866,6943,2196,7413795
758854675097526272,3783,975,7413795
758828659922702336,11916,4173,7413795
758740312047005698,6103,1747,7413815
758474966123810816,4074,1080,7413815
758467244762497024,5120,2428,7413815
758405701903519748,5540,2101,7413815
758355060040593408,3658,1185,7413815
758099635764359168,20461,10968,7413815
758041019896193024,2883,407,7413815
757741869644341248,7336,3542,7413815
757729163776290825,0,8826,7413815
757725642876129280,4832,1326,7413815
757611664640446465,4851,1215,7413815
757597904299253760,0,318,7413815
757596066325864448,4626,1155,7413815
757400162377592832,16124,7432,7413815
757393109802180609,6214,1902,7413815
757354760399941633,4809,1547,7413815
756998049151549440,6671,2166,7414414
756939218950160384,7084,2184,7413815
756651752796094464,5403,1431,7413815
756526248105566208,11074,3936,7413815
756303284449767430,4207,1180,7413815
756288534030475264,45535,19025,7413815
756275833623502848,6856,1658,7413815
755955933503782912,7813,3144,7413815
755206590534418437,17527,5852,7413815
755110668769038337,22599,12050,7413815
754874841593970688,0,8724,7413815
754856583969079297,7322,2753,7413815
754747087846248448,2744,569,7413815
754482103782404096,5653,2120,7413815
754449512966619136,3979,798,7413815
754120377874386944,8331,2543,7413815
753655901052166144,6223,2370,7413815
753420520834629632,8423,3873,7413815
753398408988139520,6158,2087,7413815
753375668877008896,8114,2532,7413815
753298634498793472,0,6276,7413815
753294487569522689,3617,1130,7413815
753039830821511168,39475,22763,7413815
753026973505581056,4140,1059,7413815
752932432744185856,13418,7413,7413815
752917284578922496,7320,1712,7413815
752701944171524096,0,3137,7413815
752682090207055872,6375,1746,7413815
752660715232722944,4688,1716,7413815
752568224206688256,5890,2484,7413815
752519690950500352,7847,3746,7413815
752334515931054080,4061,1193,7413815
752309394570878976,0,18128,7413815
752173152931807232,6329,2009,7413815
751950017322246144,3271,1014,7413815
751937170840121344,5548,1461,7413815
751830394383790080,6167,2130,7413815
751793661361422336,6228,3170,7413815
751598357617971201,8399,3301,7413815
751583847268179968,4689,1214,7413815
751538714308972544,5350,1378,7413815
751456908746354688,3403,1083,7413815
751251247299190784,13278,6373,7413815
751205363882532864,6707,1990,7413815
751132876104687617,5399,1417,7413815
750868782890057730,5080,1510,7413815
750719632563142656,14031,5477,7413815
750506206503038976,4717,1248,7413815
750429297815552001,14008,4671,7413815
750383411068534784,4824,1232,7413815
750381685133418496,733,32,7413815
750147208377409536,3288,1050,7413815
750132105863102464,3855,1380,7413815
750117059602808832,4598,1412,7413815
750101899009982464,3232,914,7413815
750086836815486976,2307,591,7413815
750071704093859840,8354,3622,7413815
750056684286914561,3329,971,7413815
750041628174217216,3371,672,7413815
750026558547456000,2883,858,7413815
750011400160841729,3449,991,7413815
749996283729883136,3221,879,7413815
749981277374128128,5430,2656,7413815
749774190421639168,4930,1420,7413815
749417653287129088,6470,1813,7413815
749403093750648834,2792,593,7413815
749395845976588288,9137,3759,7413815
749317047558017024,5825,2404,7414414
749075273010798592,6122,2240,7413815
749064354620928000,5084,1632,7413815
749036806121881602,3287,845,7413816
748977405889503236,11367,3685,7413816
748932637671223296,6201,2450,7413816
748705597323898880,2930,1027,7413816
748699167502000129,5023,1733,7414415
748692773788876800,4498,1442,7413816
748575535303884801,6431,2161,7413816
748568946752774144,2311,728,7413816
748346686624440324,5544,1341,7413816
748337862848962560,8155,4469,7413816
748324050481647620,3928,832,7413816
748307329658011649,3887,772,7413816
748220828303695873,14964,8421,7413816
747963614829678593,6136,2326,7413816
747933425676525569,7020,2763,7413816
747885874273214464,3130,1068,7413816
747844099428986880,2971,811,7413816
747816857231626240,5143,1255,7413816
747651430853525504,1460,170,7413816
747648653817413632,13656,6322,7413816
747600769478692864,2454,594,7413816
747594051852075008,3909,1137,7413816
747512671126323200,5878,1715,7413816
747461612269887489,4099,1117,7413816
747439450712596480,5743,2078,7413816
747242308580548608,0,3113,7413816
747219827526344708,5584,1712,7413816
747204161125646336,3579,994,7413816
747103485104099331,10140,4316,7413816
746906459439529985,3055,321,7413816
746872823977771008,6345,2322,7413816
746818907684614144,5613,1861,7413817
746790600704425984,5159,1715,7413817
746757706116112384,10124,4207,7413817
746726898085036033,6385,1934,7413817
746542875601690625,5322,2016,7413817
746521445350707200,0,1062,7413817
746507379341139972,4902,1167,7413817
746369468511756288,6526,1780,7413817
746131877086527488,7303,2377,7413817
746056683365994496,3754,883,7413817
745789745784041472,4264,1152,7413817
745712589599014916,7388,2507,7413817
745433870967832576,7507,2742,7413817
745422732645535745,9065,2625,7413817
745314880350101504,7573,2994,7413817
745074613265149952,8284,3807,7414416
745057283344719872,7645,2455,7413817
744995568523612160,3144,673,7413817
744971049620602880,8335,2905,7413817
744709971296780288,5909,1678,7413817
744334592493166593,7157,2307,7413817
744234799360020481,165086,84335,7413817
744223424764059648,1795,401,7413817
743980027717509120,4388,1172,7413817
743895849529389061,3848,1032,7413817
743835915802583040,0,2253,7413817
743609206067040256,4735,1485,7413817
743595368194129920,19516,7074,7413817
743545585370791937,3721,1007,7413817
743510151680958465,8345,3979,7413817
743253157753532416,4477,1308,7413817
743222593470234624,6545,2053,7413817
743210557239623680,4051,1466,7413817
742534281772302336,7440,3833,7413817
742528092657332225,4685,2148,7413817
742465774154047488,7666,4185,7413817
742423170473463808,10396,4091,7413817
742385895052087300,7171,2143,7413817
742161199639494656,4572,1478,7413817
742150209887731712,5424,1681,7413817
741793263812808706,4816,1624,7413817
741743634094141440,8634,2980,7413817
741438259667034112,3875,897,7413817
741303864243200000,9254,3486,7413817
741099773336379392,10592,5967,7413817
741067306818797568,9964,3323,7413817
740995100998766593,6747,2982,7413817
740711788199743490,3589,1004,7413817
740699697422163968,2989,842,7413817
740676976021798912,19148,7324,7413817
740373189193256964,36685,14310,7413817
740365076218183684,2615,471,7413817
740359016048689152,3481,921,7413817
740214038584557568,7058,2117,7413817
739979191639244800,21045,6367,7413817
739932936087216128,4279,1161,7413817
739844404073074688,3999,917,7413817
739623569819336705,4017,1461,7413817
739606147276148736,5684,1785,7413817
739544079319588864,41869,23036,7413817
739485634323156992,7589,3166,7413817
739238157791694849,122177,62488,7413817
738891149612572673,112,6,7413817
738885046782832640,3977,1228,7413817
738883359779196928,3524,876,7413817
738537504001953792,5369,1679,7413817
738402415918125056,3446,910,7413817
738184450748633089,4545,1303,7413817
738166403467907072,9285,3667,7413817
738156290900254721,2676,705,7413817
737826014890496000,5552,1896,7413817
737800304142471168,10528,3719,7413817
737678689543020544,5314,1432,7413817
737445876994609152,10866,4800,7413817
737322739594330112,3803,872,7413817
737310737551491075,15482,7962,7413817
736736130620620800,4558,1866,7413817
736392552031657984,18728,7969,7413817
736365877722001409,4206,1344,7413817
736225175608430592,8567,2974,7413817
736010884653420544,8335,3199,7413817
735991953473572864,3797,1232,7413817
735648611367784448,4225,1179,7413817
735635087207878657,6513,2532,7413817
735274964362878976,13699,5451,7413817
735256018284875776,3516,950,7413817
735137028879360001,3302,1040,7413817
734912297295085568,2882,552,7413817
734787690684657664,13227,6769,7413817
734776360183431168,2642,583,7413817
734559631394082816,1572,424,7413817
733828123016450049,3787,833,7413817
733822306246479872,3865,1082,7413817
733482008106668032,3319,1020,7413817
733460102733135873,4431,1372,7413817
733109485275860992,51764,18032,7413817
732732193018155009,2574,575,7413817
732726085725589504,3716,950,7413817
732585889486888962,3879,823,7413817
732375214819057664,8513,2708,7413817
732005617171337216,15730,5861,7413817
731285275100512256,3668,1055,7413817
731156023742988288,4033,1362,7413817
730924654643314689,6448,2120,7413817
730573383004487680,5174,2311,7413817
730427201120833536,3640,1115,7414416
730211855403241472,4021,1134,7413817
730196704625098752,5140,2053,7413817
729854734790754305,4238,1203,7413817
729838605770891264,1793,410,7413817
729823566028484608,4191,1328,7413817
729463711119904772,6115,2471,7413817
729113531270991872,1980,350,7413817
728986383096946689,3333,879,7413817
728760639972315136,4916,1828,7413817
728751179681943552,2925,727,7413817
728653952833728512,3492,1115,7413817
728409960103686147,5171,2151,7413817
728387165835677696,3855,1027,7413817
728046963732717569,4531,1259,7413817
728035342121635841,4779,1789,7413817
728015554473250816,4308,1171,7413817
727685679342333952,3094,686,7413817
727644517743104000,6208,1872,7413817
727524757080539137,4699,1311,7413817
727314416056803329,3493,803,7413817
727286334147182592,3204,873,7413817
727175381690781696,4071,1472,7413817
727155742655025152,3823,1414,7413817
726935089318363137,7244,2629,7413817
726887082820554753,4026,1610,7413817
726828223124897792,3733,1079,7413817
726224900189511680,4642,1232,7413817
725842289046749185,7416,2838,7413817
725786712245440512,4379,1456,7413817
725729321944506368,5455,1907,7413818
725458796924002305,1482,666,7413818
724983749226668032,3891,1392,7413818
724771698126512129,2490,688,7413818
724405726123311104,5575,1763,7413818
724049859469295616,4543,1891,7413818
724046343203856385,2800,596,7413818
724004602748780546,4395,1688,7413818
723912936180330496,4090,1310,7413818
723688335806480385,8108,3194,7413818
723673163800948736,3180,955,7413818
723179728551723008,5563,2010,7413818
722974582966214656,4322,1683,7413818
722613351520608256,5209,1749,7413818
721503162398597120,4893,2003,7413818
721001180231503872,2657,657,7413818
720785406564900865,3277,828,7413818
720775346191278080,2604,728,7413818
720415127506415616,4334,1597,7413818
720389942216527872,6735,2697,7413818
720340705894408192,3013,1043,7413818
720059472081784833,4083,1208,7413818
720043174954147842,5144,2147,7413818
719991154352222208,5072,1867,7413818
719704490224398336,4797,1557,7413818
719551379208073216,5306,2065,7413818
719367763014393856,2933,791,7413818
719339463458033665,4642,1339,7413818
719332531645071360,3589,1025,7413818
718971898235854848,3662,1175,7413818
718939241951195136,5501,1883,7413818
718631497683582976,19856,8652,7413818
718613305783398402,2562,516,7413818
718540630683709445,2616,1082,7413818
718460005985447936,2837,566,7413818
718454725339934721,5111,1613,7413818
718246886998687744,2026,535,7413818
718234618122661888,4069,1074,7413818
717841801130979328,2570,635,7413818
717790033953034240,3034,1207,7413818
717537687239008257,6043,1971,7413818
717428917016076293,1685,487,7413818
717421804990701568,3308,902,7413818
717047459982213120,6581,2037,7413818
717009362452090881,3437,1044,7413818
716802964044845056,4483,1257,7413818
716791146589110272,6265,1533,7413818
716730379797970944,1291,457,7413818
716447146686459905,13764,6299,7413818
716439118184652801,2479,230,7413818
716285507865542656,2920,1161,7413818
716080869887381504,5132,1865,7413818
715928423106027520,3348,936,7414417
715758151270801409,3926,1520,7413818
715733265223708672,4909,1809,7413818
715704790270025728,2937,606,7413819
715696743237730304,4103,1380,7413819
715680795826982913,4548,1734,7413819
715360349751484417,5746,1685,7414418
715342466308784130,3176,730,7413819
715220193576927233,2536,699,7413819
715200624753819648,5381,2018,7413819
715009755312439296,4377,1324,7413819
714982300363173890,3943,1109,7413819
714962719905021952,7727,4571,7413819
714957620017307648,4349,1517,7413819
714631576617938945,3433,1072,7413819
714606013974974464,3804,993,7413819
714485234495041536,2844,1240,7413819
714258258790387713,3159,765,7413819
714251586676113411,3434,902,7413819
714214115368108032,2384,940,7413819
714141408463036416,4520,1501,7413819
713919462244790272,3443,830,7413819
713909862279876608,2011,582,7413819
713900603437621249,2978,797,7413819
713761197720473600,5127,1476,7413819
713411074226274305,4630,1382,7413819
713177543487135744,7564,3028,7413819
713175907180089344,4686,1558,7413819
712809025985978368,19549,7210,7413819
712717840512598017,12994,5361,7413819
712668654853337088,4373,1303,7413819
712438159032893441,5593,1674,7413819
712309440758808576,257,25,7413819
712097430750289920,3997,1106,7413819
712092745624633345,3096,962,7413819
712085617388212225,3414,518,7413819
712065007010385924,2378,667,7413819
711998809858043904,0,135,7413819
711968124745228288,8476,2470,7413819
711743778164514816,2992,1058,7413819
711732680602345472,9353,4413,7413819
711694788429553666,34512,19571,7413819
711652651650457602,4068,980,7413819
711363825979756544,3848,1213,7413819
711306686208872448,3483,786,7413819
711008018775851008,3150,665,7413819
710997087345876993,4788,1493,7413819
710844581445812225,2676,738,7413819
710833117892898816,2828,577,7413819
710658690886586372,2429,606,7413819
710609963652087808,5047,2517,7413819
710588934686908417,4788,2010,7413819
710296729921429505,2487,788,7413819
710283270106132480,2245,552,7413819
710272297844797440,4755,1350,7413819
710269109699739648,2529,1208,7413819
710153181850935296,3058,961,7413819
710140971284037632,2912,958,7413819
710117014656950272,5788,2127,7413819
709918798883774466,3139,1143,7413819
709901256215666688,709,105,7413819
709852847387627521,3686,1279,7413819
709566166965075968,3728,1295,7413819
709556954897764353,3457,1140,7413819
709519240576036864,1567,257,7413819
709449600415961088,2344,633,7413819
709409458133323776,2753,743,7413819
709225125749587968,2526,612,7413819
709207347839836162,13269,6254,7413819
709198395643068416,2544,687,7413819
709179584944730112,2121,722,7413819
709158332880297985,2150,449,7413819
709042156699303936,5005,1758,7413819
708853462201716736,1892,704,7413819
708845821941387268,3130,960,7413819
708834316713893888,1788,541,7413819
708810915978854401,17357,7456,7413819
708738143638450176,2885,873,7413819
708711088997666817,2684,783,7413819
708479650088034305,2684,722,7413819
708469915515297792,3247,881,7413819
708400866336894977,16850,10854,7413819
708356463048204288,3805,1434,7413819
708349470027751425,2475,790,7413819
708149363256774660,4497,1653,7413819
708130923141795840,3565,896,7413819
708119489313951744,2826,1051,7413819
708109389455101952,2031,579,7413819
708026248782585858,4595,2054,7413818
707995814724026368,3285,1206,7413818
707983188426153984,51,2,7413818
707969809498152960,2842,1039,7413818
707776935007539200,3449,1016,7414417
707741517457260545,2626,654,7413818
707738799544082433,4311,2649,7413819
707693576495472641,3624,1074,7413819
707629649552134146,2718,941,7413819
707610948723478529,17855,6878,7413819
707420581654872064,2392,740,7413819
707411934438625280,2401,642,7413819
707387676719185920,3694,1397,7413819
707377100785885184,3458,1158,7413820
707315916783140866,2609,687,7413820
707297311098011648,2910,854,7413820
707059547140169728,2711,727,7413820
707038192327901184,2316,852,7413820
707021089608753152,4287,1469,7413820
707014260413456384,2431,643,7413820
706904523814649856,15357,8411,7413820
706901761596989440,2183,642,7413820
706681918348251136,3501,1039,7413820
706644897839910912,2720,1176,7413820
706593038911545345,2275,670,7413820
706538006853918722,3645,1515,7413820
706516534877929472,3265,1110,7413820
706346369204748288,3632,991,7413820
706310011488698368,22581,8583,7413820
706291001778950144,1794,500,7413820
706265994973601792,2878,983,7413820
706169069255446529,4117,2385,7413820
706166467411222528,5429,1727,7413820
706153300320784384,1575,414,7413820
705975130514706432,3267,794,7413820
705970349788291072,3308,956,7413820
705898680587526145,2506,599,7413820
705786532653883392,2055,566,7413820
705591895322394625,3344,1233,7413820
705475953783398401,3116,994,7413820
705442520700944385,4696,1766,7413820
705428427625635840,4032,1816,7413820
705239209544720384,3160,809,7413820
705223444686888960,2729,866,7413820
705102439679201280,2271,548,7413820
705066031337840642,2292,650,7413820
704871453724954624,4502,1194,7413820
704859558691414016,2384,586,7413820
704847917308362754,5393,1643,7413820
704819833553219584,2782,1073,7413820
704761120771465216,6999,3113,7413820
704499785726889984,3102,1073,7413820
704491224099647488,808,89,7413820
704480331685040129,3585,1138,7413820
704364645503647744,8475,3822,7413820
704347321748819968,1676,376,7413820
704134088924532736,1596,502,7413820
704113298707505153,1963,606,7413820
704054845121142784,3080,985,7413820
703774238772166656,1949,500,7413820
703769065844768768,3472,1220,7413820
703631701117943808,2736,744,7413820
703611486317502464,4072,1630,7413820
703425003149250560,4009,1483,7413820
703407252292673536,2594,751,7413820
703382836347330562,3701,1226,7413820
703356393781329922,2019,416,7413820
703268521220972544,2079,586,7413820
703079050210877440,7792,3334,7413820
703041949650034688,27838,13473,7413820
702932127499816960,2735,777,7414419
702899151802126337,1703,483,7413820
702684942141153280,3397,1160,7413820
702671118226825216,2315,604,7413820
702598099714314240,10914,3514,7413820
702539513671897089,3034,1026,7413820
702332542343577600,3370,1669,7413820
702321140488925184,3462,1106,7413820
702276748847800320,2615,819,7413820
702217446468493312,5075,1439,7413820
701981390485725185,3636,1064,7413820
701952816642965504,4020,1099,7413820
701889187134500865,3763,1475,7413820
701805642395348998,3623,1822,7413820
701601587219795968,2205,491,7413820
701570477911896070,2981,1004,7413820
701545186879471618,2808,659,7413820
701214700881756160,12899,5496,7413820
700890391244103680,2342,618,7413820
700864154249383937,2736,660,7413820
700847567345688576,2567,537,7413820
700796979434098688,2572,1032,7413820
700747788515020802,24098,10067,7413820
700518061187723268,2793,859,7413820
700505138482569216,2406,616,7413820
700462010979500032,4374,1935,7413820
700167517596164096,2797,800,7413820
700151421916807169,2364,711,7413820
700143752053182464,7956,2955,7413820
700062718104104960,2793,746,7413820
700029284593901568,2188,628,7413820
700002074055016451,3496,1447,7413820
699801817392291840,3225,1032,7413820
699788877217865730,2372,533,7413820
699779630832685056,2928,1333,7413820
699775878809702401,2075,652,7413820
699691744225525762,10831,4929,7413820
699446877801091073,6265,2807,7413820
699434518667751424,2286,546,7413820
699423671849451520,1450,354,7413820
699413908797464576,2183,664,7413820
699370870310113280,1987,472,7413820
699323444782047232,3336,925,7413820
699088579889332224,2363,676,7413820
699079609774645248,2582,705,7413820
699072405256409088,3170,1273,7413820
699060279947165696,3992,1943,7413820
699036661657767936,2754,1285,7413820
698989035503689728,3567,1060,7413820
698953797952008193,2857,971,7413820
698907974262222848,2680,667,7413820
698710712454139905,2613,734,7413820
698703483621523456,1530,406,7413820
698635131305795584,1356,366,7413820
698549713696649216,2447,662,7413820
698355670425473025,1976,486,7413820
698342080612007937,2386,1018,7413820
698262614669991936,5016,2162,7413820
698195409219559425,17693,6405,7413820
698178924120031232,2953,791,7413820
697995514407682048,1612,359,7413820
697990423684476929,3473,1389,7413820
697943111201378304,2538,743,7413820
697881462549430272,3182,1275,7413820
697630435728322560,1848,578,7413820
697616773278015490,3342,1084,7413820
697596423848730625,3208,1356,7413820
697575480820686848,2156,540,7413821
697516214579523584,2192,1216,7413821
697482927769255936,2553,724,7413821
697463031882764288,3601,1479,7413821
697270446429966336,4930,1997,7413821
697259378236399616,3466,1070,7413821
697255105972801536,3181,1244,7413821
697242256848379904,2657,713,7413821
696900204696625153,3368,1102,7413822
696894894812565505,2479,730,7413822
696886256886657024,5104,1926,7413822
696877980375769088,2577,763,7413822
696754882863349760,1556,384,7413822
696744641916489729,2182,1011,7413822
696713835009417216,2512,693,7413822
696518437233913856,4104,1819,7413822
696490539101908992,1289,156,7413822
696488710901260288,2682,1110,7413822
696405997980676096,3392,1221,7413822
696100768806522880,2048,715,7413822
695816827381944320,3176,1255,7413822
695794761660297217,3366,842,7413822
695767669421768709,1976,800,7413822
695629776980148225,4822,2256,7413822
695446424020918272,4603,1943,7413822
695409464418041856,9106,3832,7413822
695314793360662529,3852,1584,7413822
695095422348574720,2793,660,7413822
695074328191332352,3002,1189,7413822
695064344191721472,1699,645,7413822
695051054296211456,2820,845,7413822
694925794720792577,2839,981,7413822
694905863685980160,2910,1003,7413822
694669722378485760,37718,15536,7413822
694356675654983680,1595,312,7413822
694352839993344000,2153,669,7413822
694342028726001664,1665,524,7413822
694329668942569472,2119,539,7413822
694206574471057408,4422,2178,7413822
694183373896572928,3109,998,7413822
694001791655137281,3586,1110,7413822
693993230313091072,1975,435,7413822
693942351086120961,1829,398,7413822
693647888581312512,2851,637,7413822
693644216740769793,1421,137,7413822
693642232151285760,2679,447,7413822
693629975228977152,2586,860,7413822
693622659251335168,1629,398,7413822
693590843962331137,5344,2120,7413822
693582294167244802,1730,274,7413822
693486665285931008,1880,678,7413822
693280720173801472,3555,1332,7413823
693267061318012928,2529,882,7413823
693262851218264065,2358,539,7413823
693231807727280129,3028,789,7413823
693155686491000832,8327,3442,7413823
693109034023534592,1820,660,7413823
693095443459342336,1983,499,7413823
692919143163629568,2831,800,7413823
692905862751522816,2575,945,7413823
692901601640583168,1888,652,7413823
692894228850999298,2410,868,7413823
692828166163931137,3034,947,7413823
692752401762250755,7210,3904,7413823
692568918515392513,4591,1654,7413823
692535307825213440,3373,1457,7413823
692530551048294401,1950,451,7413823
692423280028966913,1559,247,7413823
692417313023332352,9862,3732,7413823
692187005137076224,2665,879,7413823
692158366030913536,2277,852,7413823
692142790915014657,1733,423,7413823
692041934689402880,3590,1369,7413823
692017291282812928,3026,1022,7413823
691820333922455552,4173,1776,7413823
691793053716221953,8559,4514,7413823
691756958957883396,3055,1100,7413823
691675652215414786,2056,547,7413823
691483041324204033,2511,607,7413823
691459709405118465,4291,1240,7413823
691444869282295808,2800,913,7413823
691416866452082688,20424,8220,7413823
691321916024623104,2717,710,7413823
691096613310316544,3134,958,7413823
691090071332753408,1804,359,7413823
690989312272396288,6248,3090,7413823
690959652130045952,3788,1353,7413823
690938899477221376,4369,2145,7413823
690932576555528194,3476,1103,7413823
690735892932222976,4003,1381,7413823
690728923253055490,2297,557,7413823
690690673629138944,2460,857,7413823
690649993829576704,1382,302,7413823
690607260360429569,305,17,7413823
690597161306841088,2079,647,7413823
690400367696297985,1981,489,7413823
690374419777196032,3444,929,7413823
690360449368465409,2798,957,7413823
690348396616552449,1591,551,7413823
690248561355657216,1777,441,7413823
690021994562220032,2957,1114,7413823
690015576308211712,2653,793,7413823
690005060500217858,3874,1812,7413823
689999384604450816,1512,403,7413823
689993469801164801,1553,491,7413823
689977555533848577,1446,481,7413823
689905486972461056,2572,746,7413823
689877686181715968,3189,1274,7413823
689835978131935233,2288,813,7413823
689661964914655233,3385,1003,7413823
689659372465688576,10958,4181,7413823
689623661272240129,2361,694,7413823
689599056876867584,12290,5951,7413823
689557536375177216,2165,496,7414422
689517482558820352,3586,1538,7413823
689289219123089408,2384,1004,7413823
689283819090870273,3484,1191,7413823
689280876073582592,2113,773,7413823
689275259254616065,1225,264,7413823
689255633275777024,2705,1163,7413823
689154315265683456,3236,1078,7413823
689143371370250240,2139,553,7413823
688916208532455424,2887,940,7413823
688908934925697024,2234,831,7413823
688898160958271489,2225,850,7413823
688894073864884227,2365,745,7413823
688828561667567616,1463,398,7413823
688804835492233216,1014,210,7413823
688789766343622656,2345,717,7413824
688547210804498433,2755,758,7413824
688519176466644993,2446,790,7413824
688385280030670848,9820,4798,7413824
688211956440801280,2350,901,7413824
688179443353796608,2236,632,7413824
688116655151435777,2982,845,7413824
688064179421470721,1824,387,7413824
687841446767013888,5782,2722,7413824
687826841265172480,2886,1215,7413824
687818504314159109,2647,1020,7413824
687807801670897665,2528,756,7413824
687732144991551489,1864,704,7413824
687704180304273409,2578,902,7413824
687664829264453632,2049,552,7413824
687494652870668288,2023,619,7413824
687480748861947905,1693,263,7413824
687476254459715584,2084,574,7413824
687460506001633280,2163,586,7413824
687399393394311168,2002,678,7413824
687317306314240000,21237,9861,7413824
687312378585812992,4605,2043,7413824
687127927494963200,5775,2466,7413824
687124485711986689,2291,544,7413824
687109925361856513,6137,2657,7413824
687102708889812993,2476,1066,7413824
687096057537363968,2374,653,7413824
686947101016735744,9097,3423,7413824
686760001961103360,3721,1483,7413824
686749460672679938,3671,1572,7413824
686730991906516992,4391,1288,7413824
686683045143953408,2972,863,7413824
686618349602762752,3888,1461,7413824
686606069955735556,2003,583,7413824
686394059078897668,1852,734,7413824
686386521809772549,3441,947,7413824
686377065986265092,2347,602,7413824
686358356425093120,2325,735,7413824
686286779679375361,4234,1793,7413824
686050296934563840,2333,788,7413824
686035780142297088,1221,131,7413824
686034024800862208,3302,1258,7413824
686007916130873345,2619,452,7413824
686003207160610816,1929,680,7413824
685973236358713344,2231,568,7413824
685943807276412928,1722,651,7413824
685906723014619143,7952,3137,7413824
685681090388975616,2147,137,7413824
685667379192414208,2478,621,7413824
685663452032069632,3440,1579,7413824
685641971164143616,3105,838,7414423
685547936038666240,34829,16904,7413824
685532292383666176,3218,1238,7413824
685325112850124800,10023,4306,7413824
685321586178670592,2803,691,7413824
685315239903100929,3546,1164,7413824
685307451701334016,2187,475,7413824
685268753634967552,3280,1299,7413824
685198997565345792,2469,718,7413824
685169283572338688,4335,1534,7413824
684969860808454144,2498,411,7413824
684959798585110529,7214,3385,7413824
684940049151070208,3405,1125,7413824
684926975086034944,3703,504,7413824
684914660081053696,3704,1572,7413824
684902183876321280,1990,571,7413824
684880619965411328,2221,883,7413824
684830982659280897,37042,23281,7413824
684800227459624960,2864,1075,7413824
684594889858887680,9443,3813,7413824
684588130326986752,4356,1514,7414423
684567543613382656,3184,1328,7413824
684538444857667585,2806,1033,7413824
684481074559381504,4088,1259,7413824
684460069371654144,2093,598,7413824
684241637099323392,8629,3563,7413824
684225744407494656,1313,229,7413824
684222868335505415,4069,1487,7414423
684200372118904832,2287,1114,7413824
684195085588783105,2030,560,7413824
684188786104872960,3681,1262,7413824
684177701129875456,2132,727,7413824
684147889187209216,3148,1617,7413824
684122891630342144,2109,514,7413824
684097758874210310,4346,1553,7413824
683857920510050305,4032,1205,7413824
683852578183077888,2035,378,7413824
683849932751646720,2776,1059,7413824
683834909291606017,2771,1196,7413825
683828599284170753,2956,1142,7413825
683773439333797890,3537,1464,7413825
683742671509258241,6879,3592,7413825
683515932363329536,7785,3137,7413825
683498322573824003,3352,1035,7413825
683481228088049664,2785,1072,7413825
683462770029932544,2573,722,7413825
683449695444799489,4117,1733,7413825
683391852557561860,8045,2576,7413825
683357973142474752,3102,1014,7413825
683142553609318400,3048,1121,7413825
683111407806746624,3594,984,7413825
683098815881154561,2292,712,7413825
683078886620553216,2095,605,7413825
683030066213818368,2277,791,7414424
682962037429899265,39084,18018,7413825
682808988178739200,1872,194,7413825
682788441537560576,2615,1206,7413825
682750546109968385,1608,471,7413825
682697186228989953,1391,387,7413825
682662431982772225,3216,1165,7413825
682638830361513985,2171,648,7413825
682429480204398592,3628,1254,7413825
682406705142087680,8012,1904,7413825
682393905736888321,2368,739,7413825
682389078323662849,1766,504,7413825
682303737705140231,3257,1075,7413825
682259524040966145,4409,1311,7413825
682242692827447297,3438,1278,7413825
682088079302213632,19339,10678,7413825
682059653698686977,5247,1830,7413825
682047327939461121,3397,1041,7413825
682032003584274432,6953,2170,7413825
682003177596559360,3324,1647,7413825
681981167097122816,2937,1111,7413825
681891461017812993,2607,891,7413825
681694085539872773,13478,4367,7413826
681679526984871937,1859,482,7413826
681654059175129088,2794,1001,7413826
681610798867845120,2016,511,7413826
681579835668455424,3743,1410,7413826
681523177663676416,15122,6276,7413826
681340665377193984,1732,302,7413826
681339448655802368,9802,4380,7413826
681320187870711809,2803,819,7413826
681302363064414209,4170,1978,7413826
681297372102656000,3375,1032,7413826
681281657291280384,3400,1188,7413826
681261549936340994,1537,297,7413826
681242418453299201,1582,584,7413826
681231109724700672,2526,521,7413826
681193455364796417,3922,1610,7413826
680970795137544192,2567,719,7413826
680959110691590145,4804,2152,7413826
680940246314430465,3403,1140,7413826
680934982542561280,2195,476,7413826
680913438424612864,2526,667,7413826
680889648562991104,1865,395,7413826
680836378243002368,3648,1431,7413826
680805554198020098,2287,715,7413826
680801747103793152,2501,894,7413826
680798457301471234,3020,1122,7413826
680609293079592961,2782,770,7413826
680583894916304897,3816,1449,7413826
680497766108381184,4469,2060,7413826
680494726643068929,1805,519,7413826
680473011644985345,2683,804,7413826
680440374763077632,1534,546,7413826
680221482581123072,1535,310,7413826
680206703334408192,2989,1266,7413826
680191257256136705,2266,546,7413826
680176173301628928,4115,1690,7413826
680161097740095489,2440,791,7413826
680145970311643136,3815,1876,7413826
680130881361686529,2418,1022,7413826
680115823365742593,2868,977,7413826
680100725817409536,3768,1475,7413826
680085611152338944,13485,9601,7413826
680070545539371008,2711,944,7413826
680055455951884288,17600,7662,7413826
679877062409191424,2074,691,7413826
679872969355714560,2292,714,7413826
679862121895714818,2588,670,7413826
679854723806179328,3019,1330,7413826
679844490799091713,2498,828,7413826
679828447187857408,38180,15115,7413826
679777920601223168,3245,1201,7413826
679736210798047232,2203,858,7413826
679729593985699840,2279,884,7413826
679722016581222400,1741,506,7413826
679530280114372609,5019,2233,7413826
679527802031484928,2784,778,7413826
679511351870550016,3549,1375,7413826
679503373272485890,3324,1596,7413826
679475951516934144,2208,687,7413826
679462823135686656,33417,20273,7413826
679405845277462528,2505,1293,7413826
679158373988876288,22617,8724,7413826
679148763231985668,2916,1107,7413826
679132435750195208,3118,1244,7413826
679111216690831360,6260,2742,7413826
679062614270468097,17958,8826,7413826
679047485189439488,2367,733,7413826
679001094530465792,2968,1326,7413826
678991772295516161,2442,1262,7414425
678969228704284672,1722,497,7413826
678800283649069056,2703,970,7413826
678798276842360832,3659,1276,7413826
678774928607469569,2931,993,7413826
678767140346941444,3708,1467,7413826
678764513869611008,1716,513,7413826
678755239630127104,7506,3554,7413826
678740035362037760,3946,1827,7413826
678708137298427904,5840,2609,7413826
678675843183484930,3017,1591,7413826
678643457146150913,2152,457,7413826
678446151570427904,4194,1686,7413826
678424312106393600,5680,2729,7413826
678410210315247616,4440,1958,7413826
678399652199309312,82250,33965,7413826
678396796259975168,1669,451,7413826
678389028614488064,1961,452,7413826
678380236862578688,2556,969,7413826
678341075375947776,1808,578,7413826
678334497360859136,1366,283,7413826
678278586130948096,12026,6507,7413826
678255464182861824,1660,398,7413826
678023323247357953,2018,414,7413826
678021115718029313,14422,6817,7413826
677961670166224897,3579,1803,7413826
677918531514703872,1411,439,7413826
677895101218201600,5052,2256,7413826
677716515794329600,3190,1034,7413826
677700003327029250,3559,1541,7413826
677698403548192770,1282,340,7413826
677687604918272002,2591,900,7413826
677673981332312066,3502,1607,7413826
677662372920729601,2040,1045,7413826
677644091929329666,1964,850,7413826
677573743309385728,2240,775,7413826
677565715327688705,1351,486,7413826
677557565589463040,2547,1244,7413826
677547928504967168,7247,3884,7413826
677530072887205888,1121,242,7413826
677335745548390400,3185,1914,7413826
677334615166730240,1423,314,7413826
677331501395156992,1141,253,7413826
677328882937298944,3797,1595,7413826
677314812125323265,1718,573,7413826
677301033169788928,1303,437,7413826
677269281705472000,2087,753,7413826
677228873407442944,3704,1745,7413826
677187300187611136,2856,985,7413826
676975532580409345,2897,1142,7413838
676957860086095872,2307,862,7413838
676949632774234114,1360,422,7413838
676948236477857792,2274,929,7413838
676946864479084545,1779,404,7413838
676942428000112642,2167,810,7413838
676936541936185344,13258,5235,7413838
676916996760600576,3092,1918,7413838
676897532954456065,2356,769,7413838
676864501615042560,2202,758,7413838
676821958043033607,24066,16641,7413838
676819651066732545,1881,705,7413838
676811746707918848,1477,451,7413838
676776431406465024,5205,2140,7413838
676617503762681856,3023,1048,7413838
676613908052996102,1140,207,7413839
676606785097199616,1963,466,7413839
676603393314578432,1224,416,7413839
676593408224403456,4770,2295,7413839
676590572941893632,957,135,7413839
676588346097852417,2437,851,7413839
676582956622721024,1257,299,7413839
676575501977128964,2700,1192,7413839
676533798876651520,1959,595,7413839
676496375194980353,1583,569,7413839
676470639084101634,12108,4961,7413839
676440007570247681,1796,709,7413839
676430933382295552,1459,365,7413839
676263575653122048,2166,581,7413839
676237365392908289,1276,312,7413839
676219687039057920,77976,32976,7413839
676215927814406144,1812,623,7413839
676191832485810177,2370,1091,7413839
676146341966438401,1995,710,7413839
676121918416756736,2229,1232,7413839
676101918813499392,2927,1230,7413839
676098748976615425,3135,1529,7413839
676089483918516224,1372,456,7413839
675898130735476737,1705,607,7413839
675891555769696257,2221,927,7413839
675888385639251968,2471,1019,7413839
675878199931371520,4344,1481,7413839
675870721063669760,1708,605,7413839
675853064436391936,2793,1378,7413839
675849018447167488,978,161,7413839
675845657354215424,2375,943,7413839
675822767435051008,1585,566,7414438
675820929667219457,1093,244,7413839
675798442703122432,10652,3587,7413839
675781562965868544,1683,503,7413839
675740360753160193,1211,367,7413839
675710890956750848,1963,877,7413839
675707330206547968,2063,736,7413839
675706639471788032,670,103,7413839
675534494439489536,1884,441,7413839
675531475945709568,1223,409,7413839
675522403582218240,1079,302,7413839
675517828909424640,1355,485,7413839
675501075957489664,17760,6147,7413839
675497103322386432,3256,1374,7413839
675489971617296384,1348,629,7413839
675483430902214656,1915,1025,7413839
675432746517426176,1583,597,7413839
675372240448454658,1760,534,7413839
675362609739206656,1084,242,7413839
675354435921575936,33965,18128,7413839
675349384339542016,4060,2387,7413839
675334060156301312,2885,1364,7413839
675166823650848770,3741,1709,7413839
675153376133427200,6510,2752,7413839
675149409102012420,3874,1775,7413839
675147105808306176,977,253,7413839
675146535592706048,1239,329,7413839
675145476954566656,2210,954,7413839
675135153782571009,1341,521,7413839
675113801096802304,2017,822,7413839
675111688094527488,996,266,7413839
675109292475830276,2890,1197,7413839
675047298674663426,1097,344,7413839
675015141583413248,2807,1264,7413839
675006312288268288,1013,238,7413839
675003128568291329,1604,501,7413839
674999807681908736,2328,1159,7413839
674805413498527744,888,370,7414438
674800520222154752,3105,904,7413839
674793399141146624,2588,1150,7413839
674790488185167872,1141,267,7413839
674788554665512960,837,219,7413839
674781762103414784,2071,1270,7413839
674774481756377088,1165,501,7413839
674767892831932416,1890,837,7413839
674764817387900928,812,250,7413839
674754018082705410,1403,470,7413839
674752233200820224,1509,487,7413839
674743008475090944,1450,582,7413839
674742531037511680,503,54,7413839
674739953134403584,1144,417,7413839
674737130913071104,664,96,7413839
674690135443775488,1186,490,7413839
674670581682434048,1668,688,7413839
674664755118911488,953,266,7413839
674646392044941312,1486,526,7413839
674644256330530816,1062,284,7413839
674638615994089473,1736,609,7413839
674632714662858753,1548,603,7413839
674606911342424069,964,103,7413839
674468880899788800,6415,2163,7413839
674447403907457024,1093,374,7413839
674436901579923456,1150,414,7413838
674422304705744896,1479,558,7413838
674416750885273600,705,147,7413838
674410619106390016,1233,485,7413838
674394782723014656,1545,602,7413838
674372068062928900,871,324,7413838
674330906434379776,579,76,7413838
674318007229923329,1455,540,7413838
674307341513269249,11655,7283,7413838
674291837063053312,15196,6180,7413838
674271431610523648,1616,764,7413838
674269164442398721,925,238,7413838
674265582246694913,1687,891,7413838
674262580978937856,1341,479,7413838
674255168825880576,1515,586,7413838
674082852460433408,777,179,7413838
674075285688614912,1004,301,7413838
674063288070742018,6549,2331,7413838
674053186244734976,3420,1363,7413838
674051556661161984,1488,504,7413838
674045139690631169,1463,670,7413838
674042553264685056,740,134,7413838
674038233588723717,1131,429,7413838
674036086168010753,869,226,7413838
674024893172875264,1833,1288,7413838
674019345211760640,1167,313,7413838
674014384960745472,1609,676,7413838
674008982932058114,1233,369,7413838
673956914389192708,2002,1010,7413838
673919437611909120,1198,383,7413838
673906403526995968,3282,1691,7413838
673887867907739649,959,263,7413838
673716320723169284,3153,795,7413838
673715861853720576,3638,2185,7413838
673711475735838725,1068,309,7413838
673709992831262724,874,284,7413838
673708611235921920,1104,300,7413838
673707060090052608,1126,406,7413838
673705679337693185,1290,414,7413838
673700254269775872,1478,596,7413838
673697980713705472,3901,2048,7413838
673689733134946305,1783,679,7413838
673688752737402881,1295,518,7413838
673686845050527744,1484,456,7413838
673680198160809984,1409,485,7413838
673662677122719744,1280,377,7413838
673656262056419329,736,253,7413838
673636718965334016,1147,379,7413838
673612854080196609,1628,752,7413838
673583129559498752,1223,385,7413838
673580926094458881,852,276,7413838
673576835670777856,1420,585,7413838
673363615379013632,1049,320,7413838
673359818736984064,1489,697,7413838
673355879178194945,1532,608,7413838
673352124999274496,1696,562,7413839
673350198937153538,761,222,7413839
673345638550134785,2594,1331,7413839
673343217010679808,1000,280,7413839
673342308415348736,1303,612,7413839
673320132811366400,13819,8289,7413839
673317986296586240,889,271,7413839
673295268553605120,7708,3293,7413839
673270968295534593,1091,384,7413839
673240798075449344,1454,761,7413839
673213039743795200,2306,882,7413839
673148804208660480,1735,655,7413839
672997845381865473,2013,750,7413839
672995267319328768,979,309,7413839
672988786805112832,1001,303,7414438
672984142909456390,1281,563,7413839
672980819271634944,1857,1038,7413839
672975131468300288,1722,952,7413839
672970152493887488,974,369,7413839
672968025906282496,1345,568,7413839
672964561327235073,1457,663,7413839
672902681409806336,1397,526,7413839
672898206762672129,916,436,7413839
672884426393653248,1586,858,7413839
672877615439593473,1054,381,7413839
672834301050937345,1341,591,7413839
672828477930868736,1276,508,7413839
672640509974827008,996,334,7413839
672622327801233409,1324,514,7413839
672614745925664768,1251,606,7413839
672609152938721280,1142,404,7413839
672604026190569472,1141,419,7413839
672594978741354496,1356,626,7413839
672591762242805761,973,345,7413839
672591271085670400,747,194,7413839
672538107540070400,1053,383,7413839
672523490734551040,660,178,7413839
672488522314567680,1143,454,7413839
672482722825261057,1162,629,7413839
672481316919734272,730,128,7413839
672475084225949696,1468,725,7413839
672466075045466113,1384,559,7413839
672272411274932228,6607,3516,7413839
672267570918129665,1534,635,7413839
672264251789176834,1174,353,7413839
672256522047614977,2884,1611,7414438
672254177670729728,1468,765,7413839
672248013293752320,1764,631,7413839
672245253877968896,702,162,7413839
672239279297454080,915,330,7413839
672231046314901505,1881,1050,7413839
672222792075620352,804,219,7413840
672205392827572224,2315,1200,7413840
672169685991993344,1042,383,7413840
672160042234327040,886,371,7413840
672139350159835138,1786,744,7413840
672125275208069120,2462,1186,7413840
672095186491711488,1019,379,7413840
672082170312290304,960,378,7413840
672068090318987265,1326,533,7413840
671896809300709376,8652,4310,7413840
671891728106971137,1356,588,7413840
671882082306625538,3547,1426,7413840
671879137494245376,1452,712,7413840
671874878652489728,1278,578,7413840
671866342182637568,1151,518,7413840
671855973984772097,929,469,7413840
671789708968640512,7229,3615,7413840
671768281401958400,1222,544,7413840
671763349865160704,1721,956,7413840
671744970634719232,1379,798,7413840
671743150407421952,757,238,7413840
671735591348891648,1480,783,7413840
671729906628341761,8703,4522,7413840
671561002136281088,13130,7491,7413841
671550332464455680,937,215,7413841
671547767500775424,1386,616,7413841
671544874165002241,2032,1085,7413841
671542985629241344,1117,587,7413841
671538301157904385,946,411,7413841
671536543010570240,1207,424,7413842
671533943490011136,1043,599,7413842
671528761649688577,857,267,7413842
671520732782923777,1429,544,7413842
671518598289059840,970,302,7413842
671511350426865664,1648,751,7413842
671504605491109889,7193,3661,7413842
671497587707535361,937,461,7413842
671488513339211776,1035,486,7413842
671486386088865792,595,212,7413842
671485057807351808,780,239,7413842
671390180817915904,1451,759,7413842
671362598324076544,1136,301,7413842
671357843010908160,409,151,7413842
671355857343524864,490,117,7413842
671347597085433856,987,444,7413842
671186162933985280,753,220,7413842
671182547775299584,1151,358,7413842
671166507850801152,895,365,7413842
671163268581498880,1699,1144,7413842
671159727754231808,386,84,7413842
671154572044468225,740,226,7413842
671151324042559489,688,160,7413842
671147085991960577,691,237,7413842
671141549288370177,1199,676,7413842
671138694582165504,954,419,7413842
671134062904504320,768,200,7413842
671122204919246848,3581,2610,7413842
671115716440031232,1389,800,7413842
671109016219725825,1173,455,7413842
670995969505435648,1128,303,7413842
670842764863651840,25121,9055,7413842
670840546554966016,609,204,7413842
670838202509447168,1141,722,7413842
670833812859932673,462,128,7413842
670832455012716544,750,226,7413842
670826280409919488,5690,4213,7413842
670823764196741120,793,198,7413842
670822709593571328,628,100,7413842
670815497391357952,3247,1598,7413842
670811965569282048,1158,277,7413842
670807719151067136,1178,507,7413842
670804601705242624,2016,989,7413842
670803562457407488,349,91,7413842
670797304698376195,752,245,7413842
670792680469889025,853,288,7413842
670789397210615808,677,248,7413842
670786190031921152,615,208,7413842
670783437142401025,835,409,7413842
670782429121134593,1607,801,7413842
670780561024270336,799,297,7413842
670778058496974848,336,74,7413842
670764103623966721,1100,437,7413842
670755717859713024,456,116,7413842
670733412878163972,987,528,7413842
670727704916926465,849,374,7413842
670717338665226240,1244,512,7413842
670704688707301377,781,383,7413842
670691627984359425,602,252,7413842
670679630144274432,764,296,7413842
670676092097810432,258,45,7413842
670668383499735048,10978,5227,7413842
670474236058800128,1568,791,7413842
670468609693655041,359,87,7413842
670465786746662913,990,573,7413842
670452855871037440,562,215,7413842
670449342516494336,1220,695,7413842
670444955656130560,6867,2051,7413842
670442337873600512,661,204,7413842
670435821946826752,1077,537,7413842
670434127938719744,1439,669,7413842
670433248821026816,334,118,7413842
670428280563085312,1417,657,7413842
670427002554466305,531,170,7413842
670421925039075328,1342,660,7413842
670420569653809152,642,328,7413842
670417414769758208,581,333,7413842
670411370698022913,2078,933,7413842
670408998013820928,570,234,7413842
670403879788544000,444,163,7413842
670385711116361728,577,220,7413842
670374371102445568,761,278,7413842
670361874861563904,338,69,7413842
670338931251150849,438,114,7413843
670319130621435904,3947,1275,7413843
670303360680108032,435,139,7413843
670290420111441920,724,298,7413843
670093938074779648,1057,349,7413843
670086499208155136,714,262,7413843
670079681849372674,2276,1291,7413843
670073503555706880,1607,820,7413843
670069087419133954,648,252,7413843
670061506722140161,785,353,7413843
670055038660800512,684,342,7413843
670046952931721218,660,181,7413843
670040295598354432,771,115,7413843
670037189829525505,600,288,7413843
670003130994700288,342,96,7413843
669993076832759809,332,87,7413843
669972011175813120,455,168,7413843
669970042633789440,308,63,7413843
669942763794931712,521,173,7413843
669926384437997569,384,108,7413843
669923323644657664,242,59,7413843
669753178989142016,834,417,7413843
669749430875258880,278,67,7413843
669684865554620416,534,91,7413843
669683899023405056,398,114,7413843
669682095984410625,362,137,7413843
669680153564442624,682,299,7413843
669661792646373376,821,455,7413843
669625907762618368,3615,1874,7413843
669603084620980224,966,379,7413843
669597912108789760,524,156,7413843
669583744538451968,1522,964,7413843
669573570759163904,447,147,7413843
669571471778410496,1621,1050,7413843
669567591774625800,241,59,7413843
669564461267722241,397,128,7413843
669393256313184256,375,79,7413843
669375718304980992,1370,755,7413843
669371483794317312,508,187,7413843
669367896104181761,474,164,7413843
669363888236994561,643,237,7413843
669359674819481600,376,127,7413843
669354382627049472,2777,1315,7413843
669353438988365824,662,266,7413843
669351434509529089,449,194,7413843
669328503091937280,1032,432,7413843
669327207240699904,586,120,7413843
669324657376567296,507,214,7413843
669216679721873412,1213,416,7413843
669214165781868544,451,177,7413843
669203728096960512,1029,495,7413843
669037058363662336,676,323,7413843
669015743032369152,756,385,7413843
669006782128353280,590,260,7413843
669000397445533696,21338,6593,7413843
668994913074286592,451,241,7413843
668992363537309700,762,358,7413843
668989615043424256,698,338,7413843
668988183816871936,921,489,7413843
668986018524233728,566,173,7413843
668981893510119424,553,318,7413843
668979806671884288,811,358,7413843
668975677807423489,1334,602,7413843
668967877119254528,150,25,7413843
668960084974809088,722,247,7413843
668955713004314625,284,74,7413843
668932921458302977,273,59,7413843
668902994700836864,325,104,7413843
668892474547511297,408,156,7413843
668872652652679168,541,308,7413843
668852170888998912,464,172,7413843
668826086256599040,446,143,7413843
668815180734689280,583,282,7413843
668779399630725120,717,382,7413843
668655139528511488,543,225,7413843
668645506898350081,917,558,7413843
668643542311546881,900,546,7413843
668641109086707712,1096,556,7413843
668636665813057536,1066,504,7413843
668633411083464705,2884,1709,7413843
668631377374486528,736,326,7413843
668627278264475648,326,118,7413843
668625577880875008,398,140,7413843
668623201287675904,1478,803,7413843
668620235289837568,208,44,7413843
668614819948453888,622,323,7413843
668587383441514497,1700,1115,7413843
668567822092664832,252,58,7413844
668544745690562560,533,236,7413844
668542336805281792,472,223,7413844
668537837512433665,256,78,7413844
668528771708952576,473,232,7413844
668507509523615744,333,111,7413844
668496999348633600,421,135,7413844
668484198282485761,435,242,7413844
668480044826800133,472,153,7413844
668466899341221888,901,530,7413844
668297328638447616,633,307,7413844
668291999406125056,252,32,7413844
668286279830867968,517,142,7413844
668274247790391296,844,236,7413844
668268907921326080,564,243,7413844
668256321989451776,1332,637,7413844
668248472370458624,1012,502,7413844
668237644992782336,6353,2939,7413844
668226093875376128,304,107,7413844
668221241640230912,519,204,7413844
668204964695683073,563,200,7413844
668190681446379520,666,200,7413844
668171859951755264,503,202,7413844
668154635664932864,508,325,7413844
668142349051129856,575,295,7413844
668113020489474048,677,252,7413843
667937095915278337,1293,817,7413843
667924896115245057,307,114,7413843
667915453470232577,214,58,7413843
667911425562669056,499,311,7413843
667902449697558528,861,385,7413843
667886921285246976,1918,1121,7413843
667885044254572545,836,504,7413843
667878741721415682,400,122,7413843
667873844930215936,640,417,7413843
667866724293877760,3055,1062,7413843
667861340749471744,244,79,7413843
667832474953625600,293,63,7413843
667806454573760512,1071,512,7413843
667801013445750784,335,97,7413843
667793409583771648,710,336,7413843
667782464991965184,420,250,7413843
667773195014021121,240,58,7413843
667766675769573376,449,224,7413843
667728196545200128,381,152,7413843
667724302356258817,492,327,7413843
667550904950915073,0,35,7413843
667550882905632768,0,33,7413843
667549055577362432,5888,2335,7413843
667546741521195010,338,128,7413843
667544320556335104,881,538,7413843
667538891197542400,209,67,7413843
667534815156183040,829,552,7413843
667530908589760512,478,246,7413843
667524857454854144,1728,1137,7413843
667517642048163840,374,196,7413843
667509364010450944,6877,2175,7413843
667502640335572993,539,224,7413843
667495797102141441,532,280,7413843
667491009379606528,540,232,7413843
667470559035432960,259,100,7413843
667455448082227200,194,60,7413843
667453023279554560,319,91,7413843
667443425659232256,797,592,7413843
667437278097252352,453,243,7413843
667435689202614272,308,84,7413843
667405339315146752,473,221,7413843
667393430834667520,197,58,7413843
667369227918143488,371,167,7413843
667211855547486208,499,245,7413843
667200525029539841,621,265,7413843
667192066997374976,389,109,7413843
667188689915760640,753,424,7413843
667182792070062081,14480,6327,7413843
667177989038297088,192,55,7413843
667176164155375616,615,469,7413843
667174963120574464,247,84,7413843
667171260800061440,224,91,7413843
667165590075940865,2721,1164,7413843
667160273090932737,260,62,7413842
667152164079423490,48316,17431,7413842
667138269671505920,4666,2253,7413842
667119796878725120,331,128,7413842
667090893657276420,338,129,7413842
667073648344346624,408,124,7413842
667070482143944705,84,14,7413842
667065535570550784,167,48,7413842
667062181243039745,219,55,7413842
667044094246576128,185,51,7413842
667012601033924608,452,226,7413842
666996132027977728,247,96,7413842
666983947667116034,2575,996,7413842
666837028449972224,827,560,7413842
666835007768551424,217,80,7413842
666826780179869698,255,97,7413842
666817836334096384,523,254,7413842
666804364988780544,242,94,7413842
666786068205871104,765,488,7413842
666781792255496192,389,199,7413842
666776908487630848,351,175,7413842
666739327293083650,238,66,7413842
666701168228331520,430,219,7413842
666691418707132416,189,47,7414441
666649482315059201,1119,627,7413842
666644823164719104,232,83,7413842
666454714377183233,519,208,7413842
666447344410484738,104,20,7413842
666437273139982337,124,48,7413842
666435652385423360,165,53,7413842
666430724426358785,316,197,7413842
666428276349472768,165,83,7413842
666421158376562688,315,111,7413842
666418789513326592,123,46,7413842
666411507551481857,440,324,7413842
666407126856765440,107,40,7413842
666396247373291520,167,84,7413842
666373753744588802,186,92,7413842
666362758909284353,771,565,7413842
666353288456101888,218,71,7413842
666345417576210432,290,133,7413842
666337882303524864,197,90,7413842
666293911632134144,494,352,7413842
666287406224695296,146,64,7413842
666273097616637952,174,76,7413842
666268910803644416,102,35,7413842
666104133288665088,14183,6505,7413842
666102155909144576,80,12,7413842
666099513787052032,153,67,7413842
666094000022159362,163,73,7413842
666082916733198337,116,44,7413842
666073100786774016,319,162,7413842
666071193221509120,145,59,7413842
666063827256086533,471,216,7413842
666058600524156928,111,57,7413842
666057090499244032,294,141,7413842
666055525042405380,433,246,7413842
666051853826850816,1208,842,7413842
666050758794694657,132,59,7413842
666049248165822465,107,40,7413842
666044226329800704,296,139,7413842
666033412701032449,125,44,7413842
666029285002620928,129,47,7413842
666020888022790149,2545,508,7413842
